Категория: random
Quick Sort времена: 0.009142, 0.009275, 0.009733, 0.010534, 0.009720, 0.009247, 0.009664, 0.010075, 0.009475, 0.009486
Hybrid Sort времена: 0.006240, 0.005734, 0.005918, 0.006052, 0.005851, 0.005697, 0.006172, 0.005708, 0.005897, 0.005858

Категория: sorted
Quick Sort времена: 0.009155, 0.008806, 0.008918, 0.008639, 0.008563, 0.008578, 0.008711, 0.008963, 0.009511, 0.008580
Hybrid Sort времена: 0.003141, 0.003128, 0.003100, 0.003077, 0.003175, 0.003086, 0.003125, 0.003084, 0.003029, 0.003078

Категория: reverse
Quick Sort времена: 0.009123, 0.008657, 0.008547, 0.009607, 0.008872, 0.009254, 0.008693, 0.008820, 0.009023, 0.008455
Hybrid Sort времена: 0.005238, 0.005534, 0.005206, 0.005252, 0.005265, 0.005248, 0.005273, 0.005153, 0.005213, 0.005201

